
ZAI = [
922320
922350
922360
922380
942360
942380
942390
942400
942410
942420
581370
962440
541350
621490
641550
641570
666
0
];

NAMES = [
'U232            '
'U235            '
'U236            '
'U238            '
'Pu236           '
'Pu238           '
'Pu239           '
'Pu240           '
'Pu241           '
'Pu242           '
'Ce137           '
'Cm244           '
'Xe135           '
'Sm149           '
'Gd155           '
'Gd157           '
'lost            '
'total           '
];

i922320 = 1; iU232             = 1;
i922350 = 2; iU235             = 2;
i922360 = 3; iU236             = 3;
i922380 = 4; iU238             = 4;
i942360 = 5; iPu236            = 5;
i942380 = 6; iPu238            = 6;
i942390 = 7; iPu239            = 7;
i942400 = 8; iPu240            = 8;
i942410 = 9; iPu241            = 9;
i942420 = 10; iPu242            = 10;
i581370 = 11; iCe137            = 11;
i962440 = 12; iCm244            = 12;
i541350 = 13; iXe135            = 13;
i621490 = 14; iSm149            = 14;
i641550 = 15; iGd155            = 15;
i641570 = 16; iGd157            = 16;
iLOST    = 17;
iTOT     = 18;

MAT_U3.7_VOLUME = [ 1.40425E+02 1.40425E+02 1.40425E+02 ];

MAT_U3.7_BURNUP = [ 0.00000E+00 2.02133E+01 4.00786E+01 ];

MAT_U3.7_ADENS = [
0.00000E+00 1.08413E-14 1.28794E-14 % U232
8.62640E-04 3.74388E-04 9.26122E-05 % U235
0.00000E+00 8.36494E-05 1.18379E-04 % U236
2.21690E-02 2.18346E-02 2.13645E-02 % U238
0.00000E+00 2.65223E-16 7.00123E-15 % Pu236
0.00000E+00 3.10427E-09 2.77255E-08 % Pu238
0.00000E+00 2.29660E-05 3.45270E-05 % Pu239
0.00000E+00 1.79060E-05 6.14372E-05 % Pu240
0.00000E+00 1.27349E-05 3.75752E-05 % Pu241
0.00000E+00 2.27075E-06 2.07738E-05 % Pu242
0.00000E+00 8.56278E-17 2.07548E-16 % Ce137
0.00000E+00 1.20277E-08 9.18404E-07 % Cm244
0.00000E+00 7.98466E-09 4.59735E-09 % Xe135
0.00000E+00 8.26002E-09 4.00805E-09 % Sm149
0.00000E+00 4.96951E-13 7.20805E-13 % Gd155
0.00000E+00 8.49615E-10 2.07360E-09 % Gd157
0.00000E+00 3.62508E-11 8.34131E-11 % lost data
6.90946E-02 6.95541E-02 6.99875E-02 % total
];

MAT_U3.7_MDENS = [
0.00000E+00 4.17729E-12 4.96260E-12 % U232
3.36694E-01 1.46126E-01 3.61471E-02 % U235
0.00000E+00 3.27880E-02 4.64011E-02 % U236
8.76338E+00 8.63119E+00 8.44538E+00 % U238
0.00000E+00 1.03959E-13 2.74427E-12 % Pu236
0.00000E+00 1.22711E-06 1.09598E-05 % Pu238
0.00000E+00 9.11662E-03 1.37059E-02 % Pu239
0.00000E+00 7.13780E-03 2.44905E-02 % Pu240
0.00000E+00 5.09750E-03 1.50405E-02 % Pu241
0.00000E+00 9.12738E-04 8.35010E-03 % Pu242
0.00000E+00 1.94670E-14 4.71849E-14 % Ce137
0.00000E+00 4.87462E-06 3.72213E-04 % Cm244
0.00000E+00 1.78874E-06 1.02991E-06 % Xe135
0.00000E+00 2.04260E-06 9.91138E-07 % Sm149
0.00000E+00 1.27845E-10 1.85434E-10 % Gd155
0.00000E+00 2.21395E-07 5.40345E-07 % Gd157
0.00000E+00 0.00000E+00 0.00000E+00 % lost data
1.03235E+01 1.03231E+01 1.03232E+01 % total
];

MAT_U3.7_A = [
0.00000E+00 4.85321E+02 5.76560E+02 % U232
3.77942E+06 1.64028E+06 4.05755E+05 % U235
0.00000E+00 1.10165E+07 1.55904E+07 % U236
1.53039E+07 1.50730E+07 1.47485E+07 % U238
0.00000E+00 2.86230E+02 7.55578E+03 % Pu236
0.00000E+00 1.09176E+08 9.75096E+08 % Pu238
0.00000E+00 2.93802E+09 4.41702E+09 % Pu239
0.00000E+00 8.41777E+09 2.88822E+10 % Pu240
0.00000E+00 2.74872E+12 8.11028E+12 % Pu241
0.00000E+00 1.86771E+07 1.70866E+08 % Pu242
0.00000E+00 2.57241E+05 6.23512E+05 % Ce137
0.00000E+00 2.04961E+09 1.56503E+11 % Cm244
0.00000E+00 2.36199E+13 1.35997E+13 % Xe135
0.00000E+00 0.00000E+00 0.00000E+00 % Sm149
0.00000E+00 0.00000E+00 0.00000E+00 % Gd155
0.00000E+00 0.00000E+00 0.00000E+00 % Gd157
0.00000E+00 0.00000E+00 0.00000E+00 % lost data
1.90833E+07 2.47645E+18 2.98078E+18 % total
];

MAT_U3.7_H = [
0.00000E+00 4.20601E-10 4.99672E-10 % U232
2.79309E-06 1.21221E-06 2.99863E-07 % U235
0.00000E+00 8.05877E-06 1.14047E-05 % U236
1.04828E-05 1.03246E-05 1.01024E-05 % U238
0.00000E+00 2.68865E-10 7.09738E-09 % Pu236
0.00000E+00 9.77548E-05 8.73088E-04 % Pu238
0.00000E+00 2.46719E-03 3.70917E-03 % Pu239
0.00000E+00 7.08196E-03 2.42989E-02 % Pu240
0.00000E+00 2.35836E-03 6.95848E-03 % Pu241
0.00000E+00 1.49083E-05 1.36387E-04 % Pu242
0.00000E+00 2.06757E-09 5.01145E-09 % Ce137
0.00000E+00 1.93712E-03 1.47913E-01 % Cm244
0.00000E+00 2.12938E+00 1.22604E+00 % Xe135
0.00000E+00 0.00000E+00 0.00000E+00 % Sm149
0.00000E+00 0.00000E+00 0.00000E+00 % Gd155
0.00000E+00 0.00000E+00 0.00000E+00 % Gd157
0.00000E+00 0.00000E+00 0.00000E+00 % lost data
1.32758E-05 8.30348E+05 9.03094E+05 % total
];

MAT_U3.7_SF = [
0.00000E+00 4.36789E-10 5.18904E-10 % U232
2.72118E-04 1.18100E-04 2.92143E-05 % U235
0.00000E+00 9.91485E-03 1.40314E-02 % U236
8.35591E+02 8.22986E+02 8.05269E+02 % U238
0.00000E+00 2.34709E-07 6.19574E-06 % Pu236
0.00000E+00 2.03068E-01 1.81368E+00 % Pu238
0.00000E+00 9.10788E-03 1.36928E-02 % Pu239
0.00000E+00 4.79813E+02 1.64628E+03 % Pu240
0.00000E+00 0.00000E+00 0.00000E+00 % Pu241
0.00000E+00 1.02724E+02 9.39762E+02 % Pu242
0.00000E+00 0.00000E+00 0.00000E+00 % Ce137
0.00000E+00 2.82847E+03 2.15974E+05 % Cm244
0.00000E+00 0.00000E+00 0.00000E+00 % Xe135
0.00000E+00 0.00000E+00 0.00000E+00 % Sm149
0.00000E+00 0.00000E+00 0.00000E+00 % Gd155
0.00000E+00 0.00000E+00 0.00000E+00 % Gd157
0.00000E+00 0.00000E+00 0.00000E+00 % lost data
8.35592E+02 4.24828E+03 2.21089E+05 % total
];

MAT_U3.7_GSRC = [
0.00000E+00 5.35346E+01 6.35989E+01 % U232
4.59252E+06 1.99317E+06 4.93048E+05 % U235
0.00000E+00 9.96033E+05 1.40957E+06 % U236
1.11271E+06 1.09593E+06 1.07233E+06 % U238
0.00000E+00 3.21242E+01 8.48001E+02 % Pu236
0.00000E+00 1.13048E+07 1.00968E+08 % Pu238
0.00000E+00 1.28926E+08 1.93827E+08 % Pu239
0.00000E+00 8.20119E+08 2.81391E+09 % Pu240
0.00000E+00 6.84319E+07 2.01913E+08 % Pu241
0.00000E+00 1.55923E+06 1.42645E+07 % Pu242
0.00000E+00 2.48073E+05 6.01290E+05 % Ce137
0.00000E+00 1.69488E+08 1.29417E+10 % Cm244
0.00000E+00 2.35086E+13 1.35356E+13 % Xe135
0.00000E+00 0.00000E+00 0.00000E+00 % Sm149
0.00000E+00 0.00000E+00 0.00000E+00 % Gd155
0.00000E+00 0.00000E+00 0.00000E+00 % Gd157
0.00000E+00 0.00000E+00 0.00000E+00 % lost data
5.70523E+06 1.97046E+18 2.34505E+18 % total
];

MAT_U3.7_ING_TOX = [
0.00000E+00 1.60156E-04 1.90265E-04 % U232
1.77633E-01 7.70931E-02 1.90705E-02 % U235
0.00000E+00 5.17775E-01 7.32748E-01 % U236
6.88674E-01 6.78286E-01 6.63684E-01 % U238
0.00000E+00 2.49020E-05 6.57353E-04 % Pu236
0.00000E+00 2.51105E+01 2.24272E+02 % Pu238
0.00000E+00 7.34506E+02 1.10425E+03 % Pu239
0.00000E+00 2.10444E+03 7.22054E+03 % Pu240
0.00000E+00 1.31939E+04 3.89293E+04 % Pu241
0.00000E+00 4.48250E+00 4.10078E+01 % Pu242
0.00000E+00 6.43103E-06 1.55878E-05 % Ce137
0.00000E+00 2.45954E+02 1.87804E+04 % Cm244
0.00000E+00 0.00000E+00 0.00000E+00 % Xe135
0.00000E+00 0.00000E+00 0.00000E+00 % Sm149
0.00000E+00 0.00000E+00 0.00000E+00 % Gd155
0.00000E+00 0.00000E+00 0.00000E+00 % Gd157
0.00000E+00 0.00000E+00 0.00000E+00 % lost data
8.66307E-01 4.85198E+08 6.56566E+08 % total
];

MAT_U3.7_INH_TOX = [
0.00000E+00 1.79569E-02 2.13327E-02 % U232
3.21251E+01 1.39424E+01 3.44891E+00 % U235
0.00000E+00 9.58435E+01 1.35636E+02 % U236
1.22431E+02 1.20584E+02 1.17988E+02 % U238
0.00000E+00 1.14492E-02 3.02231E-01 % Pu236
0.00000E+00 1.20094E+04 1.07261E+05 % Pu238
0.00000E+00 3.52563E+05 5.30042E+05 % Pu239
0.00000E+00 1.01013E+06 3.46586E+06 % Pu240
0.00000E+00 6.32206E+06 1.86536E+07 % Pu241
0.00000E+00 2.05448E+03 1.87952E+04 % Pu242
0.00000E+00 2.57241E-06 6.23512E-06 % Ce137
0.00000E+00 1.16828E+05 8.92067E+06 % Cm244
0.00000E+00 0.00000E+00 0.00000E+00 % Xe135
0.00000E+00 0.00000E+00 0.00000E+00 % Sm149
0.00000E+00 0.00000E+00 0.00000E+00 % Gd155
0.00000E+00 0.00000E+00 0.00000E+00 % Gd157
0.00000E+00 0.00000E+00 0.00000E+00 % lost data
1.54556E+02 3.27270E+08 5.19137E+08 % total
];

MAT_TVEG_VOLUME = [ 5.61702E+00 5.61702E+00 5.61702E+00 ];

MAT_TVEG_BURNUP = [ 0.00000E+00 1.38828E+01 3.77922E+01 ];

